New series of generations:
chromosome 1
Gene 1
[1.0, 3.671949171275203, 5.474070298343204, 3.87288748913382, 5.674041850214939, 8.960664599877258, 7.87806139552104, 11.909023761181746, 8.285205167745369, 13.66457878307493]
Gene 2
[0.017851954249872883, 0.025684935152601507, 0.05077588512175987, 0.07375260519401827, 0.06483487161862483, 0.13258392733096194, 0.10781661358235946, 0.18710023630368908, 0.026459230115339107, 0.15352018139956417]
Gene 3
[0.1153746320568531, 0.06211935892303937, 0.07741508984185322, 0.08861795067912137, 0.11220584684481044, 0.058625337678056874, 0.033465440264310156, 0.08081300672121855, 0.13822837836948892, 0.013984380235780903]
Gene 4
[0.004068362082119924, 0.20228543965099896, 0.025096765823750665, 0.16084952997306845, 0.05491370886111808, 0.058358911515232696, 0.17596877624962703, 0.056306374430740096, 0.17537554474158626, 0.01544477127489816]
Gene 5
[0.6948497210526672, 0.4463762471923799, 0.7256419472744918, 0.18304603764022326, 0.29427970520137636, 0.6957463838636573, 1.0063428814387771, 0.3897047767937977, 0.6400849356490624, 0.4687495311006187]
Gene 6
[1.3780665370687295, 0.49498612146918963, 0.7570102724683944, 2.333447451974321, 2.145051708161718, 1.3289014718783994, 0.6133490117248299, 1.1764250114625479, 1.271056591500455, 1.0984784528969296]
Gene 7
74.37071431824239
chromosome 2
Gene 1
[1.0, 3.671949171275203, 5.474070298343204, 3.87288748913382, 5.674041850214939, 8.960664599877258, 7.87806139552104, 11.909023761181746, 8.285205167745369, 13.66457878307493]
Gene 2
[0.017851954249872883, 0.025684935152601507, 0.05077588512175987, 0.07375260519401827, 0.06483487161862483, 0.13258392733096194, 0.10781661358235946, 0.18710023630368908, 0.026459230115339107, 0.15352018139956417]
Gene 3
[0.1153746320568531, 0.06211935892303937, 0.07741508984185322, 0.08861795067912137, 0.11220584684481044, 0.058625337678056874, 0.033465440264310156, 0.08081300672121855, 0.13822837836948892, 0.013984380235780903]
Gene 4
[0.004068362082119924, 0.20228543965099896, 0.025096765823750665, 0.16084952997306845, 0.05491370886111808, 0.058358911515232696, 0.17596877624962703, 0.056306374430740096, 0.17537554474158626, 0.01544477127489816]
Gene 5
[0.6948497210526672, 0.4463762471923799, 0.7256419472744918, 0.18304603764022326, 0.29427970520137636, 0.6957463838636573, 1.0063428814387771, 0.3897047767937977, 0.6400849356490624, 0.4687495311006187]
Gene 6
[1.3780665370687295, 0.49498612146918963, 0.7570102724683944, 2.333447451974321, 2.145051708161718, 1.3289014718783994, 0.6133490117248299, 1.1764250114625479, 1.271056591500455, 1.0984784528969296]
Gene 7
74.37071431824239
chromosome 3
Gene 1
[1.0, 3.671949171275203, 4.952730269929565, 4.0767236727724425, 6.617923137734294, 8.960664599877258, 9.914744333306516, 9.652077829537488, 9.1802827343439, 14.383767140078874]
Gene 2
[0.018791530789339875, 0.02703677384484369, 0.05344830012816829, 0.07763432125686134, 0.06159312803769359, 0.14690739870466699, 0.11349117219195733, 0.196947617161778, 0.007801261451372434, 0.09200275244376613]
Gene 3
[0.12783892748681785, 0.06227504653938784, 0.08008559214186219, 0.09819163510151954, 0.11811141773137941, 0.06512162697942295, 0.03522677922558964, 0.08061097420441551, 0.1455035561784094, 0.014720400248190425]
Gene 4
[0.004282486402231499, 0.192171167668449, 0.027808050774238965, 0.1693152947084931, 0.05216802341806217, 0.058358911515232696, 0.15270747444138918, 0.05941841385647286, 0.1846058365700908, 0.01711331997218633]
Gene 5
[0.13792656004697032, 0.4698697338867157, 0.7238278424063055, 0.4006591004728243, 0.2795657199413075, 0.7323646145933235, 0.9584217918464545, 0.4102155545197871, 0.641689158545426, 0.5628501813640958]
Gene 6
[1.450596354809189, 0.47023681539573015, 0.7968529183877836, 1.3723847188727003, 2.257949166486019, 1.4724670048514121, 0.6456305386577157, 0.7401181836758264, 1.3379543068425843, 1.217150640329008]
Gene 7
74.37071431824239
chromosome 4
Gene 1
[1.0, 3.671949171275203, 4.952730269929565, 4.0767236727724425, 6.617923137734294, 8.960664599877258, 9.914744333306516, 9.652077829537488, 9.1802827343439, 14.383767140078874]
Gene 2
[0.018791530789339875, 0.02703677384484369, 0.05344830012816829, 0.07763432125686134, 0.06159312803769359, 0.14690739870466699, 0.11349117219195733, 0.196947617161778, 0.007801261451372434, 0.09200275244376613]
Gene 3
[0.12783892748681785, 0.06227504653938784, 0.08008559214186219, 0.09819163510151954, 0.11811141773137941, 0.06512162697942295, 0.03522677922558964, 0.08061097420441551, 0.1455035561784094, 0.014720400248190425]
Gene 4
[0.004282486402231499, 0.192171167668449, 0.027808050774238965, 0.1693152947084931, 0.05216802341806217, 0.058358911515232696, 0.15270747444138918, 0.05941841385647286, 0.1846058365700908, 0.01711331997218633]
Gene 5
[0.13792656004697032, 0.4698697338867157, 0.7238278424063055, 0.4006591004728243, 0.2795657199413075, 0.7323646145933235, 0.9584217918464545, 0.4102155545197871, 0.641689158545426, 0.5628501813640958]
Gene 6
[1.450596354809189, 0.47023681539573015, 0.7968529183877836, 1.3723847188727003, 2.257949166486019, 1.4724670048514121, 0.6456305386577157, 0.7401181836758264, 1.3379543068425843, 1.217150640329008]
Gene 7
68.61368288321657
chromosome 5
Gene 1
[1.0, 3.681152051403713, 4.952730269929565, 4.74300261098179, 6.98369411711837, 9.432278526186588, 9.914744333306516, 12.53581448545447, 9.15733202750804, 14.383767140078874]
Gene 2
[0.018791530789339875, 0.02988275003903777, 0.056402374492197115, 0.08602140859486021, 0.1977439062793152, 0.14690739870466699, 0.001650842383612794, 0.18072791986572528, 0.030860743683148107, 0.09200275244376613]
Gene 3
[0.13423087386115876, 0.06555268056777667, 0.08873749821812986, 0.09819163510151954, 0.15203102628049844, 0.06512162697942295, 0.03531506689282169, 0.09402067263964488, 0.1455035561784094, 0.01549515815598992]
Gene 4
[0.004282486402231499, 0.19217116766844902, 0.027808050774238965, 0.029958638238527003, 0.05491370886111808, 0.058358911515232696, 0.15270747444138918, 0.05941841385647286, 0.19480895562072637, 0.01711331997218633]
Gene 5
[0.13792656004697032, 0.5206312840850036, 0.6893598499107672, 0.20332941788290482, 0.3097681107382909, 0.8114843374995275, 0.9584217918464545, 0.4318058468629338, 0.7092353857607339, 0.49342055905328286]
Gene 6
[1.3124443210178376, 0.49622668818966376, 0.8366955643071728, 2.4562604757624436, 2.501882732948498, 1.3255792181987032, 1.2451865914245435, 0.7401181836758264, 1.4083729545711414, 2.244757394605407]
Gene 7
68.61368288321657
chromosome 6
Gene 1
[1.0, 3.681152051403713, 4.952730269929565, 4.74300261098179, 6.98369411711837, 9.432278526186588, 9.914744333306516, 12.53581448545447, 9.15733202750804, 14.383767140078874]
Gene 2
[0.018791530789339875, 0.02988275003903777, 0.056402374492197115, 0.08602140859486021, 0.1977439062793152, 0.14690739870466699, 0.001650842383612794, 0.18072791986572528, 0.030860743683148107, 0.09200275244376613]
Gene 3
[0.13423087386115876, 0.06555268056777667, 0.08873749821812986, 0.09819163510151954, 0.15203102628049844, 0.06512162697942295, 0.03531506689282169, 0.09402067263964488, 0.1455035561784094, 0.01549515815598992]
Gene 4
[0.004282486402231499, 0.19217116766844902, 0.027808050774238965, 0.029958638238527003, 0.05491370886111808, 0.058358911515232696, 0.15270747444138918, 0.05941841385647286, 0.19480895562072637, 0.01711331997218633]
Gene 5
[0.13792656004697032, 0.5206312840850036, 0.6893598499107672, 0.20332941788290482, 0.3097681107382909, 0.8114843374995275, 0.9584217918464545, 0.4318058468629338, 0.7092353857607339, 0.49342055905328286]
Gene 6
[1.3124443210178376, 0.49622668818966376, 0.8366955643071728, 2.4562604757624436, 2.501882732948498, 1.3255792181987032, 1.2451865914245435, 0.7401181836758264, 1.4083729545711414, 2.244757394605407]
Gene 7
68.61368288321657
chromosome 7
Gene 1
[1.0, 3.8652096539738983, 5.762179261413899, 4.505852480432701, 6.98369411711837, 9.432278526186588, 9.914744333306516, 12.53581448545447, 8.721268597626704, 14.383767140078874]
Gene 2
[0.018791530789339875, 0.02988275003903777, 0.059222493216806976, 0.0817203381651172, 0.06824723328276298, 0.14690739870466699, 0.001650842383612794, 0.19744122021230875, 0.030860743683148107, 0.16160019094690967]
Gene 3
[0.13423087386115876, 0.05553654987723332, 0.08148956825458234, 0.09819163510151954, 0.11811141773137941, 0.0683777083283941, 0.03522677922558964, 0.08506632286444059, 0.1455035561784094, 0.014720400248190425]
Gene 4
[0.004282486402231499, 0.21293204173789365, 0.027808050774238965, 0.029958638238527003, 0.057803904064334825, 0.061430433173929155, 0.15270747444138918, 0.05926986782183168, 0.19480895562072637, 0.01711331997218633]
Gene 5
[0.7314207590028076, 0.5206312840850036, 0.7638336287099914, 0.20332941788290482, 0.3097681107382909, 0.7728422261900262, 1.0593082962513445, 0.31593907340143346, 0.6737736164726973, 0.49342055905328286]
Gene 6
[1.3124443210178376, 0.521038022599147, 0.7948607860918142, 2.4562604757624436, 2.376788596301073, 1.3255792181987032, 0.6456305386577157, 1.3067849806927825, 2.0338188783953877, 2.244757394605407]
Gene 7
68.61368288321657
chromosome 8
Gene 1
[1.0, 3.8652096539738983, 5.762179261413899, 4.505852480432701, 6.98369411711837, 9.432278526186588, 9.914744333306516, 12.53581448545447, 8.721268597626704, 14.383767140078874]
Gene 2
[0.018791530789339875, 0.02988275003903777, 0.059222493216806976, 0.0817203381651172, 0.06824723328276298, 0.14690739870466699, 0.001650842383612794, 0.19744122021230875, 0.030860743683148107, 0.16160019094690967]
Gene 3
[0.13423087386115876, 0.05553654987723332, 0.08148956825458234, 0.09819163510151954, 0.11811141773137941, 0.0683777083283941, 0.03522677922558964, 0.08506632286444059, 0.1455035561784094, 0.014720400248190425]
Gene 4
[0.004282486402231499, 0.21293204173789365, 0.027808050774238965, 0.029958638238527003, 0.057803904064334825, 0.061430433173929155, 0.15270747444138918, 0.05926986782183168, 0.19480895562072637, 0.01711331997218633]
Gene 5
[0.7314207590028076, 0.5206312840850036, 0.7638336287099914, 0.20332941788290482, 0.3097681107382909, 0.7728422261900262, 1.0593082962513445, 0.31593907340143346, 0.6737736164726973, 0.49342055905328286]
Gene 6
[1.3124443210178376, 0.521038022599147, 0.7948607860918142, 2.4562604757624436, 2.376788596301073, 1.3255792181987032, 0.6456305386577157, 1.3067849806927825, 2.0338188783953877, 2.244757394605407]
Gene 7
74.37071431824239
-------------------------------------------------------------------------------------------------
chromosome 1
Gene 1
[ 1.          3.67194917  5.4740703   3.87288749  6.61792314  8.9606646
  7.8780614   9.65207783  8.28520517 14.38376714]
Gene 2
[0.01879153 0.02568494 0.05077589 0.07375261 0.06483487 0.13258393
 0.10781661 0.19694762 0.00780126 0.15352018]
Gene 3
[0.12783893 0.06227505 0.07741509 0.08861795 0.11811142 0.05862534
 0.03522678 0.08081301 0.14550356 0.01398438]
Gene 4
[0.00406836 0.19217117 0.02780805 0.16931529 0.05491371 0.05835891
 0.17596878 0.05630637 0.17537554 0.01711332]
Gene 5
[0.69484972 0.46986973 0.72564195 0.4006591  0.27956572 0.69574638
 0.95842179 0.38970478 0.64008494 0.56285018]
Gene 6
[1.37806654 0.47023682 0.75701027 1.37238472 2.14505171 1.32890147
 0.64563054 1.17642501 1.27105659 1.21715064]
Gene 7
74.37071431824239
chromosome 2
Gene 1
[ 1.          3.67194917  5.4740703   3.87288749  6.61792314  8.9606646
  7.8780614   9.65207783  8.28520517 14.38376714]
Gene 2
[0.01879153 0.02568494 0.05077589 0.07375261 0.06483487 0.13258393
 0.10781661 0.19694762 0.00780126 0.15352018]
Gene 3
[0.12783893 0.06227505 0.07741509 0.08861795 0.11811142 0.05862534
 0.03522678 0.08081301 0.14550356 0.01398438]
Gene 4
[0.00406836 0.19217117 0.02780805 0.16931529 0.05491371 0.05835891
 0.17596878 0.05630637 0.17537554 0.01711332]
Gene 5
[0.69484972 0.46986973 0.72564195 0.4006591  0.27956572 0.69574638
 0.95842179 0.38970478 0.64008494 0.56285018]
Gene 6
[1.37806654 0.47023682 0.75701027 1.37238472 2.14505171 1.32890147
 0.64563054 1.17642501 1.27105659 1.21715064]
Gene 7
68.61368288321657
chromosome 3
Gene 1
[ 1.          3.67194917  4.95273027  4.74300261  6.98369412  8.9606646
  9.91474433 12.53581449  9.15733203 14.38376714]
Gene 2
[0.01879153 0.02703677 0.05640237 0.08602141 0.06159313 0.1469074
 0.00165084 0.18072792 0.03086074 0.09200275]
Gene 3
[0.13423087 0.06555268 0.08008559 0.09819164 0.11811142 0.06512163
 0.03522678 0.08061097 0.14550356 0.0147204 ]
Gene 4
[0.00428249 0.19217117 0.02780805 0.16931529 0.05491371 0.05835891
 0.15270747 0.05941841 0.19480896 0.01711332]
Gene 5
[0.13792656 0.52063128 0.72382784 0.4006591  0.27956572 0.73236461
 0.95842179 0.43180585 0.70923539 0.56285018]
Gene 6
[1.31244432 0.47023682 0.79685292 2.45626048 2.25794917 1.32557922
 0.64563054 0.74011818 1.33795431 1.21715064]
Gene 7
68.61368288321657
chromosome 4
Gene 1
[ 1.          3.67194917  4.95273027  4.74300261  6.98369412  8.9606646
  9.91474433 12.53581449  9.15733203 14.38376714]
Gene 2
[0.01879153 0.02703677 0.05640237 0.08602141 0.06159313 0.1469074
 0.00165084 0.18072792 0.03086074 0.09200275]
Gene 3
[0.13423087 0.06555268 0.08008559 0.09819164 0.11811142 0.06512163
 0.03522678 0.08061097 0.14550356 0.0147204 ]
Gene 4
[0.00428249 0.19217117 0.02780805 0.16931529 0.05491371 0.05835891
 0.15270747 0.05941841 0.19480896 0.01711332]
Gene 5
[0.13792656 0.52063128 0.72382784 0.4006591  0.27956572 0.73236461
 0.95842179 0.43180585 0.70923539 0.56285018]
Gene 6
[1.31244432 0.47023682 0.79685292 2.45626048 2.25794917 1.32557922
 0.64563054 0.74011818 1.33795431 1.21715064]
Gene 7
68.61368288321657
chromosome 5
Gene 1
[ 1.          3.86520965  4.95273027  4.74300261  6.98369412  9.43227853
  9.91474433 12.53581449  9.15733203 14.38376714]
Gene 2
[0.01879153 0.02988275 0.05640237 0.08602141 0.19774391 0.1469074
 0.00165084 0.18072792 0.03086074 0.09200275]
Gene 3
[0.13423087 0.05553655 0.08148957 0.09819164 0.11811142 0.06837771
 0.03531507 0.09402067 0.14550356 0.0147204 ]
Gene 4
[0.00428249 0.19217117 0.02780805 0.02995864 0.05491371 0.06143043
 0.15270747 0.05941841 0.19480896 0.01711332]
Gene 5
[0.13792656 0.52063128 0.68935985 0.20332942 0.30976811 0.81148434
 0.95842179 0.31593907 0.70923539 0.49342056]
Gene 6
[1.31244432 0.49622669 0.83669556 2.45626048 2.50188273 1.32557922
 1.24518659 0.74011818 1.40837295 2.24475739]
Gene 7
74.37071431824239
chromosome 6
Gene 1
[ 1.          3.86520965  4.95273027  4.74300261  6.98369412  9.43227853
  9.91474433 12.53581449  9.15733203 14.38376714]
Gene 2
[0.01879153 0.02988275 0.05640237 0.08602141 0.19774391 0.1469074
 0.00165084 0.18072792 0.03086074 0.09200275]
Gene 3
[0.13423087 0.05553655 0.08148957 0.09819164 0.11811142 0.06837771
 0.03531507 0.09402067 0.14550356 0.0147204 ]
Gene 4
[0.00428249 0.19217117 0.02780805 0.02995864 0.05491371 0.06143043
 0.15270747 0.05941841 0.19480896 0.01711332]
Gene 5
[0.13792656 0.52063128 0.68935985 0.20332942 0.30976811 0.81148434
 0.95842179 0.31593907 0.70923539 0.49342056]
Gene 6
[1.31244432 0.49622669 0.83669556 2.45626048 2.50188273 1.32557922
 1.24518659 0.74011818 1.40837295 2.24475739]
Gene 7
68.61368288321657
chromosome 7
Gene 1
[ 1.          3.67194917  5.4740703   4.50585248  6.98369412  9.43227853
  7.8780614  12.53581449  8.28520517 14.38376714]
Gene 2
[0.01879153 0.02988275 0.05922249 0.08172034 0.06483487 0.1469074
 0.10781661 0.19744122 0.03086074 0.15352018]
Gene 3
[0.13423087 0.05553655 0.08148957 0.09819164 0.11811142 0.05862534
 0.03522678 0.08081301 0.14550356 0.01398438]
Gene 4
[0.00428249 0.21293204 0.02780805 0.02995864 0.05491371 0.05835891
 0.15270747 0.05630637 0.19480896 0.01544477]
Gene 5
[0.69484972 0.52063128 0.72564195 0.18304604 0.30976811 0.69574638
 1.0593083  0.31593907 0.67377362 0.46874953]
Gene 6
[1.31244432 0.49498612 0.75701027 2.33344745 2.14505171 1.32557922
 0.64563054 1.30678498 1.27105659 1.09847845]
Gene 7
74.37071431824239
chromosome 8
Gene 1
[ 1.          3.67194917  5.4740703   4.50585248  6.98369412  9.43227853
  7.8780614  12.53581449  8.28520517 14.38376714]
Gene 2
[0.01879153 0.02988275 0.05922249 0.08172034 0.06483487 0.1469074
 0.10781661 0.19744122 0.03086074 0.15352018]
Gene 3
[0.13423087 0.05553655 0.08148957 0.09819164 0.11811142 0.05862534
 0.03522678 0.08081301 0.14550356 0.01398438]
Gene 4
[0.00428249 0.21293204 0.02780805 0.02995864 0.05491371 0.05835891
 0.15270747 0.05630637 0.19480896 0.01544477]
Gene 5
[0.69484972 0.52063128 0.72564195 0.18304604 0.30976811 0.69574638
 1.0593083  0.31593907 0.67377362 0.46874953]
Gene 6
[1.31244432 0.49498612 0.75701027 2.33344745 2.14505171 1.32557922
 0.64563054 1.30678498 1.27105659 1.09847845]
Gene 7
74.37071431824239
-------------------------------------------------------------------------------------------------
chromosome 1
Gene 1
[ 1.          3.67194917  5.4740703   3.87288749  6.61792314  8.9606646
  9.91474433  9.65207783  8.28520517 14.38376714]
Gene 2
[0.01879153 0.02568494 0.05077589 0.07375261 0.06483487 0.1469074
 0.00165084 0.18072792 0.03086074 0.09200275]
Gene 3
[0.12783893 0.06555268 0.08008559 0.09819164 0.11811142 0.05862534
 0.03522678 0.08061097 0.14550356 0.01398438]
Gene 4
[0.00406836 0.19217117 0.02780805 0.16931529 0.05491371 0.05835891
 0.15270747 0.05630637 0.19480896 0.01711332]
Gene 5
[0.13792656 0.46986973 0.72382784 0.4006591  0.27956572 0.73236461
 0.95842179 0.38970478 0.64008494 0.56285018]
Gene 6
[1.31244432 0.47023682 0.75701027 2.45626048 2.14505171 1.32890147
 0.64563054 0.74011818 1.33795431 1.21715064]
Gene 7
68.61368288321657
chromosome 2
Gene 1
[ 1.          3.67194917  5.4740703   3.87288749  6.61792314  8.9606646
  9.91474433  9.65207783  8.28520517 14.38376714]
Gene 2
[0.01879153 0.02568494 0.05077589 0.07375261 0.06483487 0.1469074
 0.00165084 0.18072792 0.03086074 0.09200275]
Gene 3
[0.12783893 0.06555268 0.08008559 0.09819164 0.11811142 0.05862534
 0.03522678 0.08061097 0.14550356 0.01398438]
Gene 4
[0.00406836 0.19217117 0.02780805 0.16931529 0.05491371 0.05835891
 0.15270747 0.05630637 0.19480896 0.01711332]
Gene 5
[0.13792656 0.46986973 0.72382784 0.4006591  0.27956572 0.73236461
 0.95842179 0.38970478 0.64008494 0.56285018]
Gene 6
[1.31244432 0.47023682 0.75701027 2.45626048 2.14505171 1.32890147
 0.64563054 0.74011818 1.33795431 1.21715064]
Gene 7
68.61368288321657
chromosome 3
Gene 1
[ 1.          3.67194917  4.95273027  4.74300261  6.98369412  9.43227853
  9.91474433 12.53581449  9.15733203 14.38376714]
Gene 2
[0.01879153 0.02703677 0.05640237 0.08602141 0.06159313 0.1469074
 0.00165084 0.18072792 0.03086074 0.09200275]
Gene 3
[0.13423087 0.06555268 0.08148957 0.09819164 0.11811142 0.06837771
 0.03531507 0.08061097 0.14550356 0.0147204 ]
Gene 4
[0.00428249 0.19217117 0.02780805 0.16931529 0.05491371 0.06143043
 0.15270747 0.05941841 0.19480896 0.01711332]
Gene 5
[0.13792656 0.52063128 0.72382784 0.20332942 0.27956572 0.73236461
 0.95842179 0.31593907 0.70923539 0.49342056]
Gene 6
[1.31244432 0.49622669 0.79685292 2.45626048 2.50188273 1.32557922
 1.24518659 0.74011818 1.40837295 2.24475739]
Gene 7
68.61368288321657
chromosome 4
Gene 1
[ 1.          3.67194917  4.95273027  4.74300261  6.98369412  9.43227853
  9.91474433 12.53581449  9.15733203 14.38376714]
Gene 2
[0.01879153 0.02703677 0.05640237 0.08602141 0.06159313 0.1469074
 0.00165084 0.18072792 0.03086074 0.09200275]
Gene 3
[0.13423087 0.06555268 0.08148957 0.09819164 0.11811142 0.06837771
 0.03531507 0.08061097 0.14550356 0.0147204 ]
Gene 4
[0.00428249 0.19217117 0.02780805 0.16931529 0.05491371 0.06143043
 0.15270747 0.05941841 0.19480896 0.01711332]
Gene 5
[0.13792656 0.52063128 0.72382784 0.20332942 0.27956572 0.73236461
 0.95842179 0.31593907 0.70923539 0.49342056]
Gene 6
[1.31244432 0.49622669 0.79685292 2.45626048 2.50188273 1.32557922
 1.24518659 0.74011818 1.40837295 2.24475739]
Gene 7
68.61368288321657
chromosome 5
Gene 1
[ 1.          3.86520965  4.95273027  4.50585248  6.98369412  9.43227853
  7.8780614  12.53581449  9.15733203 14.38376714]
Gene 2
[0.01879153 0.02988275 0.05640237 0.08172034 0.06483487 0.1469074
 0.10781661 0.18072792 0.03086074 0.09200275]
Gene 3
[0.13423087 0.05553655 0.08148957 0.09819164 0.11811142 0.05862534
 0.03531507 0.08081301 0.14550356 0.01398438]
Gene 4
[0.00428249 0.19217117 0.02780805 0.02995864 0.05491371 0.05835891
 0.15270747 0.05630637 0.19480896 0.01544477]
Gene 5
[0.69484972 0.52063128 0.72564195 0.18304604 0.30976811 0.69574638
 0.95842179 0.31593907 0.70923539 0.46874953]
Gene 6
[1.31244432 0.49498612 0.75701027 2.33344745 2.50188273 1.32557922
 1.24518659 1.30678498 1.40837295 1.09847845]
Gene 7
68.61368288321657
chromosome 6
Gene 1
[ 1.          3.86520965  4.95273027  4.50585248  6.98369412  9.43227853
  7.8780614  12.53581449  9.15733203 14.38376714]
Gene 2
[0.01879153 0.02988275 0.05640237 0.08172034 0.06483487 0.1469074
 0.10781661 0.18072792 0.03086074 0.09200275]
Gene 3
[0.13423087 0.05553655 0.08148957 0.09819164 0.11811142 0.05862534
 0.03531507 0.08081301 0.14550356 0.01398438]
Gene 4
[0.00428249 0.19217117 0.02780805 0.02995864 0.05491371 0.05835891
 0.15270747 0.05630637 0.19480896 0.01544477]
Gene 5
[0.69484972 0.52063128 0.72564195 0.18304604 0.30976811 0.69574638
 0.95842179 0.31593907 0.70923539 0.46874953]
Gene 6
[1.31244432 0.49498612 0.75701027 2.33344745 2.50188273 1.32557922
 1.24518659 1.30678498 1.40837295 1.09847845]
Gene 7
74.37071431824239
chromosome 7
Gene 1
[ 1.          3.67194917  5.4740703   4.50585248  6.61792314  8.9606646
  7.8780614  12.53581449  8.28520517 14.38376714]
Gene 2
[0.01879153 0.02988275 0.05922249 0.08172034 0.06483487 0.1469074
 0.10781661 0.19744122 0.03086074 0.15352018]
Gene 3
[0.13423087 0.06227505 0.07741509 0.09819164 0.11811142 0.05862534
 0.03522678 0.08081301 0.14550356 0.01398438]
Gene 4
[0.00406836 0.19217117 0.02780805 0.16931529 0.05491371 0.05835891
 0.17596878 0.05630637 0.19480896 0.01544477]
Gene 5
[0.69484972 0.52063128 0.72564195 0.4006591  0.30976811 0.69574638
 0.95842179 0.31593907 0.67377362 0.46874953]
Gene 6
[1.37806654 0.49498612 0.75701027 2.33344745 2.14505171 1.32557922
 0.64563054 1.30678498 1.27105659 1.21715064]
Gene 7
74.37071431824239
chromosome 8
Gene 1
[ 1.          3.67194917  5.4740703   4.50585248  6.61792314  8.9606646
  7.8780614  12.53581449  8.28520517 14.38376714]
Gene 2
[0.01879153 0.02988275 0.05922249 0.08172034 0.06483487 0.1469074
 0.10781661 0.19744122 0.03086074 0.15352018]
Gene 3
[0.13423087 0.06227505 0.07741509 0.09819164 0.11811142 0.05862534
 0.03522678 0.08081301 0.14550356 0.01398438]
Gene 4
[0.00406836 0.19217117 0.02780805 0.16931529 0.05491371 0.05835891
 0.17596878 0.05630637 0.19480896 0.01544477]
Gene 5
[0.69484972 0.52063128 0.72564195 0.4006591  0.30976811 0.69574638
 0.95842179 0.31593907 0.67377362 0.46874953]
Gene 6
[1.37806654 0.49498612 0.75701027 2.33344745 2.14505171 1.32557922
 0.64563054 1.30678498 1.27105659 1.21715064]
Gene 7
68.61368288321657
-------------------------------------------------------------------------------------------------
chromosome 1
Gene 1
[ 1.          3.67194917  4.95273027  3.87288749  6.61792314  9.43227853
  9.91474433  9.65207783  9.15733203 14.38376714]
Gene 2
[0.01879153 0.02703677 0.05077589 0.08602141 0.06483487 0.1469074
 0.00165084 0.18072792 0.03086074 0.09200275]
Gene 3
[0.13423087 0.06555268 0.08008559 0.09819164 0.11811142 0.05862534
 0.03522678 0.08061097 0.14550356 0.01398438]
Gene 4
[0.00406836 0.19217117 0.02780805 0.16931529 0.05491371 0.06143043
 0.15270747 0.05941841 0.19480896 0.01711332]
Gene 5
[0.13792656 0.46986973 0.72382784 0.20332942 0.27956572 0.73236461
 0.95842179 0.31593907 0.70923539 0.56285018]
Gene 6
[1.31244432 0.49622669 0.75701027 2.45626048 2.50188273 1.32557922
 0.64563054 0.74011818 1.40837295 1.21715064]
Gene 7
68.61368288321657
chromosome 2
Gene 1
[ 1.          3.67194917  4.95273027  3.87288749  6.61792314  9.43227853
  9.91474433  9.65207783  9.15733203 14.38376714]
Gene 2
[0.01879153 0.02703677 0.05077589 0.08602141 0.06483487 0.1469074
 0.00165084 0.18072792 0.03086074 0.09200275]
Gene 3
[0.13423087 0.06555268 0.08008559 0.09819164 0.11811142 0.05862534
 0.03522678 0.08061097 0.14550356 0.01398438]
Gene 4
[0.00406836 0.19217117 0.02780805 0.16931529 0.05491371 0.06143043
 0.15270747 0.05941841 0.19480896 0.01711332]
Gene 5
[0.13792656 0.46986973 0.72382784 0.20332942 0.27956572 0.73236461
 0.95842179 0.31593907 0.70923539 0.56285018]
Gene 6
[1.31244432 0.49622669 0.75701027 2.45626048 2.50188273 1.32557922
 0.64563054 0.74011818 1.40837295 1.21715064]
Gene 7
68.61368288321657
chromosome 3
Gene 1
[ 1.          3.86520965  4.95273027  4.50585248  6.98369412  9.43227853
  7.8780614  12.53581449  9.15733203 14.38376714]
Gene 2
[0.01879153 0.02703677 0.05640237 0.08602141 0.06483487 0.1469074
 0.10781661 0.18072792 0.03086074 0.09200275]
Gene 3
[0.13423087 0.06555268 0.08148957 0.09819164 0.11811142 0.06837771
 0.03531507 0.08061097 0.14550356 0.0147204 ]
Gene 4
[0.00428249 0.19217117 0.02780805 0.16931529 0.05491371 0.05835891
 0.15270747 0.05630637 0.19480896 0.01711332]
Gene 5
[0.13792656 0.52063128 0.72564195 0.20332942 0.27956572 0.69574638
 0.95842179 0.31593907 0.70923539 0.49342056]
Gene 6
[1.31244432 0.49622669 0.75701027 2.33344745 2.50188273 1.32557922
 1.24518659 1.30678498 1.40837295 1.09847845]
Gene 7
68.61368288321657
chromosome 4
Gene 1
[ 1.          3.86520965  4.95273027  4.50585248  6.98369412  9.43227853
  7.8780614  12.53581449  9.15733203 14.38376714]
Gene 2
[0.01879153 0.02703677 0.05640237 0.08602141 0.06483487 0.1469074
 0.10781661 0.18072792 0.03086074 0.09200275]
Gene 3
[0.13423087 0.06555268 0.08148957 0.09819164 0.11811142 0.06837771
 0.03531507 0.08061097 0.14550356 0.0147204 ]
Gene 4
[0.00428249 0.19217117 0.02780805 0.16931529 0.05491371 0.05835891
 0.15270747 0.05630637 0.19480896 0.01711332]
Gene 5
[0.13792656 0.52063128 0.72564195 0.20332942 0.27956572 0.69574638
 0.95842179 0.31593907 0.70923539 0.49342056]
Gene 6
[1.31244432 0.49622669 0.75701027 2.33344745 2.50188273 1.32557922
 1.24518659 1.30678498 1.40837295 1.09847845]
Gene 7
74.37071431824239
chromosome 5
Gene 1
[ 1.          3.67194917  5.4740703   4.50585248  6.98369412  9.43227853
  7.8780614  12.53581449  9.15733203 14.38376714]
Gene 2
[0.01879153 0.02988275 0.05922249 0.08172034 0.06483487 0.1469074
 0.10781661 0.18072792 0.03086074 0.09200275]
Gene 3
[0.13423087 0.06227505 0.08148957 0.09819164 0.11811142 0.05862534
 0.03522678 0.08081301 0.14550356 0.01398438]
Gene 4
[0.00406836 0.19217117 0.02780805 0.16931529 0.05491371 0.05835891
 0.15270747 0.05630637 0.19480896 0.01544477]
Gene 5
[0.69484972 0.52063128 0.72564195 0.4006591  0.30976811 0.69574638
 0.95842179 0.31593907 0.70923539 0.46874953]
Gene 6
[1.31244432 0.49498612 0.75701027 2.33344745 2.50188273 1.32557922
 1.24518659 1.30678498 1.27105659 1.21715064]
Gene 7
68.61368288321657
chromosome 6
Gene 1
[ 1.          3.67194917  5.4740703   4.50585248  6.98369412  9.43227853
  7.8780614  12.53581449  9.15733203 14.38376714]
Gene 2
[0.01879153 0.02988275 0.05922249 0.08172034 0.06483487 0.1469074
 0.10781661 0.18072792 0.03086074 0.09200275]
Gene 3
[0.13423087 0.06227505 0.08148957 0.09819164 0.11811142 0.05862534
 0.03522678 0.08081301 0.14550356 0.01398438]
Gene 4
[0.00406836 0.19217117 0.02780805 0.16931529 0.05491371 0.05835891
 0.15270747 0.05630637 0.19480896 0.01544477]
Gene 5
[0.69484972 0.52063128 0.72564195 0.4006591  0.30976811 0.69574638
 0.95842179 0.31593907 0.70923539 0.46874953]
Gene 6
[1.31244432 0.49498612 0.75701027 2.33344745 2.50188273 1.32557922
 1.24518659 1.30678498 1.27105659 1.21715064]
Gene 7
74.37071431824239
chromosome 7
Gene 1
[ 1.          3.67194917  5.4740703   4.50585248  6.61792314  8.9606646
  9.91474433  9.65207783  8.28520517 14.38376714]
Gene 2
[0.01879153 0.02988275 0.05077589 0.08172034 0.06483487 0.1469074
 0.00165084 0.18072792 0.03086074 0.15352018]
Gene 3
[0.12783893 0.06227505 0.07741509 0.09819164 0.11811142 0.05862534
 0.03522678 0.08061097 0.14550356 0.01398438]
Gene 4
[0.00406836 0.19217117 0.02780805 0.16931529 0.05491371 0.05835891
 0.17596878 0.05630637 0.19480896 0.01711332]
Gene 5
[0.13792656 0.52063128 0.72382784 0.4006591  0.30976811 0.69574638
 0.95842179 0.31593907 0.64008494 0.46874953]
Gene 6
[1.37806654 0.49498612 0.75701027 2.33344745 2.14505171 1.32557922
 0.64563054 1.30678498 1.33795431 1.21715064]
Gene 7
68.61368288321657
chromosome 8
Gene 1
[ 1.          3.67194917  5.4740703   4.50585248  6.61792314  8.9606646
  9.91474433  9.65207783  8.28520517 14.38376714]
Gene 2
[0.01879153 0.02988275 0.05077589 0.08172034 0.06483487 0.1469074
 0.00165084 0.18072792 0.03086074 0.15352018]
Gene 3
[0.12783893 0.06227505 0.07741509 0.09819164 0.11811142 0.05862534
 0.03522678 0.08061097 0.14550356 0.01398438]
Gene 4
[0.00406836 0.19217117 0.02780805 0.16931529 0.05491371 0.05835891
 0.17596878 0.05630637 0.19480896 0.01711332]
Gene 5
[0.13792656 0.52063128 0.72382784 0.4006591  0.30976811 0.69574638
 0.95842179 0.31593907 0.64008494 0.46874953]
Gene 6
[1.37806654 0.49498612 0.75701027 2.33344745 2.14505171 1.32557922
 0.64563054 1.30678498 1.33795431 1.21715064]
Gene 7
68.61368288321657
-------------------------------------------------------------------------------------------------
chromosome 1
Gene 1
[ 1.          3.48835171  4.70509376  3.67924311  6.63450941  8.9606646
  9.41900712  9.16947394  8.69946543 13.66457878]
Gene 2
[0.01785195 0.02568494 0.05358226 0.08172034 0.06159313 0.13956203
 0.10242578 0.17169152 0.02931771 0.08740261]
Gene 3
[0.12751933 0.06227505 0.07608131 0.09328205 0.11220585 0.06495882
 0.03346544 0.07658043 0.13822838 0.01398438]
Gene 4
[0.00386494 0.18256261 0.02641765 0.16084953 0.05216802 0.05544097
 0.1450721  0.05644749 0.18506851 0.01625765]
Gene 5
[0.13103023 0.49459972 0.68763645 0.19316295 0.26558743 0.66095906
 0.9105007  0.30014212 0.67377362 0.53470767]
Gene 6
[1.2468221  0.47141535 0.71915976 2.21677508 2.3767886  1.25930026
 1.18292726 0.70311227 1.33795431 1.15629311]
Gene 7
68.61368288321657
chromosome 2
Gene 1
[ 1.          3.48835171  4.70509376  3.67924311  6.63450941  8.9606646
  9.41900712  9.16947394  8.69946543 13.66457878]
Gene 2
[0.01785195 0.02568494 0.05358226 0.08172034 0.06159313 0.13956203
 0.10242578 0.17169152 0.02931771 0.08740261]
Gene 3
[0.12751933 0.06227505 0.07608131 0.09328205 0.11220585 0.06495882
 0.03346544 0.07658043 0.13822838 0.01398438]
Gene 4
[0.00386494 0.18256261 0.02641765 0.16084953 0.05216802 0.05544097
 0.1450721  0.05644749 0.18506851 0.01625765]
Gene 5
[0.13103023 0.49459972 0.68763645 0.19316295 0.26558743 0.66095906
 0.9105007  0.30014212 0.67377362 0.53470767]
Gene 6
[1.2468221  0.47141535 0.71915976 2.21677508 2.3767886  1.25930026
 1.18292726 0.70311227 1.33795431 1.15629311]
Gene 7
74.37071431824239
chromosome 3
Gene 1
[ 1.          3.67194917  4.95273027  4.50585248  6.98369412  9.43227853
  7.8780614  12.53581449  9.15733203 14.38376714]
Gene 2
[0.01879153 0.02703677 0.05922249 0.08172034 0.06483487 0.1469074
 0.10781661 0.18072792 0.03086074 0.09200275]
Gene 3
[0.13423087 0.06227505 0.08148957 0.09819164 0.11811142 0.06837771
 0.03531507 0.08081301 0.14550356 0.01398438]
Gene 4
[0.00428249 0.19217117 0.02780805 0.16931529 0.05491371 0.05835891
 0.15270747 0.05630637 0.19480896 0.01544477]
Gene 5
[0.69484972 0.52063128 0.72564195 0.4006591  0.30976811 0.69574638
 0.95842179 0.31593907 0.70923539 0.49342056]
Gene 6
[1.31244432 0.49498612 0.75701027 2.33344745 2.50188273 1.32557922
 1.24518659 1.30678498 1.27105659 1.09847845]
Gene 7
74.37071431824239
chromosome 4
Gene 1
[ 1.          3.67194917  4.95273027  4.50585248  6.98369412  9.43227853
  7.8780614  12.53581449  9.15733203 14.38376714]
Gene 2
[0.01879153 0.02703677 0.05922249 0.08172034 0.06483487 0.1469074
 0.10781661 0.18072792 0.03086074 0.09200275]
Gene 3
[0.13423087 0.06227505 0.08148957 0.09819164 0.11811142 0.06837771
 0.03531507 0.08081301 0.14550356 0.01398438]
Gene 4
[0.00428249 0.19217117 0.02780805 0.16931529 0.05491371 0.05835891
 0.15270747 0.05630637 0.19480896 0.01544477]
Gene 5
[0.69484972 0.52063128 0.72564195 0.4006591  0.30976811 0.69574638
 0.95842179 0.31593907 0.70923539 0.49342056]
Gene 6
[1.31244432 0.49498612 0.75701027 2.33344745 2.50188273 1.32557922
 1.24518659 1.30678498 1.27105659 1.09847845]
Gene 7
74.37071431824239
chromosome 5
Gene 1
[ 1.          3.67194917  5.4740703   4.50585248  6.61792314  8.9606646
  7.8780614  12.53581449  9.15733203 14.38376714]
Gene 2
[0.01879153 0.02988275 0.05077589 0.08172034 0.06483487 0.1469074
 0.10781661 0.18072792 0.03086074 0.09200275]
Gene 3
[0.13423087 0.06227505 0.08148957 0.09819164 0.11811142 0.05862534
 0.03522678 0.08081301 0.14550356 0.01398438]
Gene 4
[0.00406836 0.19217117 0.02780805 0.16931529 0.05491371 0.05835891
 0.17596878 0.05630637 0.19480896 0.01544477]
Gene 5
[0.13792656 0.52063128 0.72382784 0.4006591  0.30976811 0.69574638
 0.95842179 0.31593907 0.70923539 0.46874953]
Gene 6
[1.31244432 0.49498612 0.75701027 2.33344745 2.50188273 1.32557922
 0.64563054 1.30678498 1.27105659 1.21715064]
Gene 7
68.61368288321657
chromosome 6
Gene 1
[ 1.          3.67194917  5.4740703   4.50585248  6.61792314  8.9606646
  7.8780614  12.53581449  9.15733203 14.38376714]
Gene 2
[0.01879153 0.02988275 0.05077589 0.08172034 0.06483487 0.1469074
 0.10781661 0.18072792 0.03086074 0.09200275]
Gene 3
[0.13423087 0.06227505 0.08148957 0.09819164 0.11811142 0.05862534
 0.03522678 0.08081301 0.14550356 0.01398438]
Gene 4
[0.00406836 0.19217117 0.02780805 0.16931529 0.05491371 0.05835891
 0.17596878 0.05630637 0.19480896 0.01544477]
Gene 5
[0.13792656 0.52063128 0.72382784 0.4006591  0.30976811 0.69574638
 0.95842179 0.31593907 0.70923539 0.46874953]
Gene 6
[1.31244432 0.49498612 0.75701027 2.33344745 2.50188273 1.32557922
 0.64563054 1.30678498 1.27105659 1.21715064]
Gene 7
74.37071431824239
chromosome 7
Gene 1
[ 1.          3.67194917  5.4740703   3.87288749  6.61792314  8.9606646
  9.91474433  9.65207783  8.28520517 14.38376714]
Gene 2
[0.01879153 0.02703677 0.05077589 0.08602141 0.06483487 0.1469074
 0.00165084 0.18072792 0.03086074 0.09200275]
Gene 3
[0.12783893 0.06227505 0.08008559 0.09819164 0.11811142 0.05862534
 0.03522678 0.08061097 0.14550356 0.01398438]
Gene 4
[0.00406836 0.19217117 0.02780805 0.16931529 0.05491371 0.06143043
 0.17596878 0.05630637 0.19480896 0.01711332]
Gene 5
[0.13792656 0.52063128 0.72382784 0.20332942 0.30976811 0.73236461
 0.95842179 0.31593907 0.64008494 0.46874953]
Gene 6
[1.37806654 0.49622669 0.75701027 2.33344745 2.14505171 1.32557922
 0.64563054 1.30678498 1.40837295 1.21715064]
Gene 7
68.61368288321657
chromosome 8
Gene 1
[ 1.          3.67194917  5.4740703   3.87288749  6.61792314  8.9606646
  9.91474433  9.65207783  8.28520517 14.38376714]
Gene 2
[0.01879153 0.02703677 0.05077589 0.08602141 0.06483487 0.1469074
 0.00165084 0.18072792 0.03086074 0.09200275]
Gene 3
[0.12783893 0.06227505 0.08008559 0.09819164 0.11811142 0.05862534
 0.03522678 0.08061097 0.14550356 0.01398438]
Gene 4
[0.00406836 0.19217117 0.02780805 0.16931529 0.05491371 0.06143043
 0.17596878 0.05630637 0.19480896 0.01711332]
Gene 5
[0.13792656 0.52063128 0.72382784 0.20332942 0.30976811 0.73236461
 0.95842179 0.31593907 0.64008494 0.46874953]
Gene 6
[1.37806654 0.49622669 0.75701027 2.33344745 2.14505171 1.32557922
 0.64563054 1.30678498 1.40837295 1.21715064]
Gene 7
68.61368288321657
-------------------------------------------------------------------------------------------------
chromosome 1
Gene 1
[ 1.          3.67194917  4.70509376  4.50585248  6.98369412  8.9606646
  7.8780614  12.53581449  8.69946543 14.38376714]
Gene 2
[0.01785195 0.02568494 0.05922249 0.08172034 0.06159313 0.1469074
 0.10781661 0.17169152 0.02931771 0.09200275]
Gene 3
[0.12751933 0.06227505 0.08148957 0.09819164 0.11811142 0.06837771
 0.03531507 0.07658043 0.14550356 0.01398438]
Gene 4
[0.00386494 0.19217117 0.02641765 0.16931529 0.05216802 0.05835891
 0.1450721  0.05644749 0.19480896 0.01544477]
Gene 5
[0.69484972 0.49459972 0.68763645 0.19316295 0.26558743 0.69574638
 0.95842179 0.31593907 0.70923539 0.49342056]
Gene 6
[1.2468221  0.47141535 0.75701027 2.33344745 2.50188273 1.32557922
 1.18292726 0.70311227 1.33795431 1.15629311]
Gene 7
74.37071431824239
chromosome 2
Gene 1
[ 1.          3.67194917  4.70509376  4.50585248  6.98369412  8.9606646
  7.8780614  12.53581449  8.69946543 14.38376714]
Gene 2
[0.01785195 0.02568494 0.05922249 0.08172034 0.06159313 0.1469074
 0.10781661 0.17169152 0.02931771 0.09200275]
Gene 3
[0.12751933 0.06227505 0.08148957 0.09819164 0.11811142 0.06837771
 0.03531507 0.07658043 0.14550356 0.01398438]
Gene 4
[0.00386494 0.19217117 0.02641765 0.16931529 0.05216802 0.05835891
 0.1450721  0.05644749 0.19480896 0.01544477]
Gene 5
[0.69484972 0.49459972 0.68763645 0.19316295 0.26558743 0.69574638
 0.95842179 0.31593907 0.70923539 0.49342056]
Gene 6
[1.2468221  0.47141535 0.75701027 2.33344745 2.50188273 1.32557922
 1.18292726 0.70311227 1.33795431 1.15629311]
Gene 7
74.37071431824239
chromosome 3
Gene 1
[ 1.          3.67194917  4.95273027  4.50585248  6.98369412  9.43227853
  7.8780614  12.53581449  9.15733203 14.38376714]
Gene 2
[0.01879153 0.02703677 0.05077589 0.08172034 0.06483487 0.1469074
 0.10781661 0.18072792 0.03086074 0.09200275]
Gene 3
[0.13423087 0.06227505 0.08148957 0.09819164 0.11811142 0.06837771
 0.03522678 0.08081301 0.14550356 0.01398438]
Gene 4
[0.00406836 0.19217117 0.02780805 0.16931529 0.05491371 0.05835891
 0.15270747 0.05630637 0.19480896 0.01544477]
Gene 5
[0.69484972 0.52063128 0.72382784 0.4006591  0.30976811 0.69574638
 0.95842179 0.31593907 0.70923539 0.46874953]
Gene 6
[1.31244432 0.49498612 0.75701027 2.33344745 2.50188273 1.32557922
 1.24518659 1.30678498 1.27105659 1.21715064]
Gene 7
74.37071431824239
chromosome 4
Gene 1
[ 1.          3.67194917  4.95273027  4.50585248  6.98369412  9.43227853
  7.8780614  12.53581449  9.15733203 14.38376714]
Gene 2
[0.01879153 0.02703677 0.05077589 0.08172034 0.06483487 0.1469074
 0.10781661 0.18072792 0.03086074 0.09200275]
Gene 3
[0.13423087 0.06227505 0.08148957 0.09819164 0.11811142 0.06837771
 0.03522678 0.08081301 0.14550356 0.01398438]
Gene 4
[0.00406836 0.19217117 0.02780805 0.16931529 0.05491371 0.05835891
 0.15270747 0.05630637 0.19480896 0.01544477]
Gene 5
[0.69484972 0.52063128 0.72382784 0.4006591  0.30976811 0.69574638
 0.95842179 0.31593907 0.70923539 0.46874953]
Gene 6
[1.31244432 0.49498612 0.75701027 2.33344745 2.50188273 1.32557922
 1.24518659 1.30678498 1.27105659 1.21715064]
Gene 7
74.37071431824239
chromosome 5
Gene 1
[ 1.          3.67194917  5.4740703   3.87288749  6.61792314  8.9606646
  9.91474433 12.53581449  9.15733203 14.38376714]
Gene 2
[0.01879153 0.02703677 0.05077589 0.08602141 0.06483487 0.1469074
 0.10781661 0.18072792 0.03086074 0.09200275]
Gene 3
[0.13423087 0.06227505 0.08148957 0.09819164 0.11811142 0.05862534
 0.03522678 0.08061097 0.14550356 0.01398438]
Gene 4
[0.00406836 0.19217117 0.02780805 0.16931529 0.05491371 0.05835891
 0.17596878 0.05630637 0.19480896 0.01711332]
Gene 5
[0.13792656 0.52063128 0.72382784 0.4006591  0.30976811 0.73236461
 0.95842179 0.31593907 0.70923539 0.46874953]
Gene 6
[1.37806654 0.49622669 0.75701027 2.33344745 2.14505171 1.32557922
 0.64563054 1.30678498 1.27105659 1.21715064]
Gene 7
68.61368288321657
chromosome 6
Gene 1
[ 1.          3.67194917  5.4740703   3.87288749  6.61792314  8.9606646
  9.91474433 12.53581449  9.15733203 14.38376714]
Gene 2
[0.01879153 0.02703677 0.05077589 0.08602141 0.06483487 0.1469074
 0.10781661 0.18072792 0.03086074 0.09200275]
Gene 3
[0.13423087 0.06227505 0.08148957 0.09819164 0.11811142 0.05862534
 0.03522678 0.08061097 0.14550356 0.01398438]
Gene 4
[0.00406836 0.19217117 0.02780805 0.16931529 0.05491371 0.05835891
 0.17596878 0.05630637 0.19480896 0.01711332]
Gene 5
[0.13792656 0.52063128 0.72382784 0.4006591  0.30976811 0.73236461
 0.95842179 0.31593907 0.70923539 0.46874953]
Gene 6
[1.37806654 0.49622669 0.75701027 2.33344745 2.14505171 1.32557922
 0.64563054 1.30678498 1.27105659 1.21715064]
Gene 7
74.37071431824239
chromosome 7
Gene 1
[ 1.          3.48835171  4.70509376  3.87288749  6.63450941  8.9606646
  9.41900712  9.65207783  8.28520517 14.38376714]
Gene 2
[0.01879153 0.02568494 0.05358226 0.08172034 0.06159313 0.13956203
 0.10242578 0.18072792 0.03086074 0.09200275]
Gene 3
[0.12751933 0.06227505 0.07608131 0.09328205 0.11811142 0.05862534
 0.03522678 0.07658043 0.14550356 0.01398438]
Gene 4
[0.00406836 0.19217117 0.02641765 0.16084953 0.05216802 0.06143043
 0.17596878 0.05644749 0.19480896 0.01711332]
Gene 5
[0.13792656 0.49459972 0.68763645 0.19316295 0.30976811 0.66095906
 0.95842179 0.30014212 0.64008494 0.46874953]
Gene 6
[1.37806654 0.47141535 0.71915976 2.21677508 2.14505171 1.25930026
 0.64563054 0.70311227 1.40837295 1.15629311]
Gene 7
68.61368288321657
chromosome 8
Gene 1
[ 1.          3.48835171  4.70509376  3.87288749  6.63450941  8.9606646
  9.41900712  9.65207783  8.28520517 14.38376714]
Gene 2
[0.01879153 0.02568494 0.05358226 0.08172034 0.06159313 0.13956203
 0.10242578 0.18072792 0.03086074 0.09200275]
Gene 3
[0.12751933 0.06227505 0.07608131 0.09328205 0.11811142 0.05862534
 0.03522678 0.07658043 0.14550356 0.01398438]
Gene 4
[0.00406836 0.19217117 0.02641765 0.16084953 0.05216802 0.06143043
 0.17596878 0.05644749 0.19480896 0.01711332]
Gene 5
[0.13792656 0.49459972 0.68763645 0.19316295 0.30976811 0.66095906
 0.95842179 0.30014212 0.64008494 0.46874953]
Gene 6
[1.37806654 0.47141535 0.71915976 2.21677508 2.14505171 1.25930026
 0.64563054 0.70311227 1.40837295 1.15629311]
Gene 7
74.37071431824239
-------------------------------------------------------------------------------------------------
chromosome 1
Gene 1
[ 1.          3.67194917  4.70509376  4.50585248  6.98369412  9.43227853
  7.8780614  12.53581449  8.69946543 14.38376714]
Gene 2
[0.01785195 0.02703677 0.05077589 0.08172034 0.06483487 0.1469074
 0.10781661 0.18072792 0.02931771 0.09200275]
Gene 3
[0.13423087 0.06227505 0.08148957 0.09819164 0.11811142 0.06837771
 0.03522678 0.07658043 0.14550356 0.01398438]
Gene 4
[0.00386494 0.19217117 0.02641765 0.16931529 0.05216802 0.05835891
 0.15270747 0.05644749 0.19480896 0.01544477]
Gene 5
[0.69484972 0.49459972 0.68763645 0.19316295 0.26558743 0.69574638
 0.95842179 0.31593907 0.70923539 0.46874953]
Gene 6
[1.2468221  0.49498612 0.75701027 2.33344745 2.50188273 1.32557922
 1.18292726 0.70311227 1.33795431 1.21715064]
Gene 7
74.37071431824239
chromosome 2
Gene 1
[ 1.          3.67194917  4.70509376  4.50585248  6.98369412  9.43227853
  7.8780614  12.53581449  8.69946543 14.38376714]
Gene 2
[0.01785195 0.02703677 0.05077589 0.08172034 0.06483487 0.1469074
 0.10781661 0.18072792 0.02931771 0.09200275]
Gene 3
[0.13423087 0.06227505 0.08148957 0.09819164 0.11811142 0.06837771
 0.03522678 0.07658043 0.14550356 0.01398438]
Gene 4
[0.00386494 0.19217117 0.02641765 0.16931529 0.05216802 0.05835891
 0.15270747 0.05644749 0.19480896 0.01544477]
Gene 5
[0.69484972 0.49459972 0.68763645 0.19316295 0.26558743 0.69574638
 0.95842179 0.31593907 0.70923539 0.46874953]
Gene 6
[1.2468221  0.49498612 0.75701027 2.33344745 2.50188273 1.32557922
 1.18292726 0.70311227 1.33795431 1.21715064]
Gene 7
74.37071431824239
chromosome 3
Gene 1
[ 1.          3.67194917  5.4740703   4.50585248  6.98369412  8.9606646
  7.8780614  12.53581449  9.15733203 14.38376714]
Gene 2
[0.01879153 0.02703677 0.05077589 0.08602141 0.06483487 0.1469074
 0.10781661 0.18072792 0.03086074 0.09200275]
Gene 3
[0.13423087 0.06227505 0.08148957 0.09819164 0.11811142 0.06837771
 0.03522678 0.08061097 0.14550356 0.01398438]
Gene 4
[0.00406836 0.19217117 0.02780805 0.16931529 0.05491371 0.05835891
 0.17596878 0.05630637 0.19480896 0.01711332]
Gene 5
[0.69484972 0.52063128 0.72382784 0.4006591  0.30976811 0.69574638
 0.95842179 0.31593907 0.70923539 0.46874953]
Gene 6
[1.37806654 0.49622669 0.75701027 2.33344745 2.14505171 1.32557922
 0.64563054 1.30678498 1.27105659 1.21715064]
Gene 7
74.37071431824239
chromosome 4
Gene 1
[ 1.          3.67194917  5.4740703   4.50585248  6.98369412  8.9606646
  7.8780614  12.53581449  9.15733203 14.38376714]
Gene 2
[0.01879153 0.02703677 0.05077589 0.08602141 0.06483487 0.1469074
 0.10781661 0.18072792 0.03086074 0.09200275]
Gene 3
[0.13423087 0.06227505 0.08148957 0.09819164 0.11811142 0.06837771
 0.03522678 0.08061097 0.14550356 0.01398438]
Gene 4
[0.00406836 0.19217117 0.02780805 0.16931529 0.05491371 0.05835891
 0.17596878 0.05630637 0.19480896 0.01711332]
Gene 5
[0.69484972 0.52063128 0.72382784 0.4006591  0.30976811 0.69574638
 0.95842179 0.31593907 0.70923539 0.46874953]
Gene 6
[1.37806654 0.49622669 0.75701027 2.33344745 2.14505171 1.32557922
 0.64563054 1.30678498 1.27105659 1.21715064]
Gene 7
74.37071431824239
chromosome 5
Gene 1
[ 1.          3.48835171  5.4740703   3.87288749  6.61792314  8.9606646
  9.41900712 12.53581449  9.15733203 14.38376714]
Gene 2
[0.01879153 0.02703677 0.05358226 0.08172034 0.06159313 0.1469074
 0.10781661 0.18072792 0.03086074 0.09200275]
Gene 3
[0.13423087 0.06227505 0.08148957 0.09328205 0.11811142 0.05862534
 0.03522678 0.08061097 0.14550356 0.01398438]
Gene 4
[0.00406836 0.19217117 0.02780805 0.16931529 0.05491371 0.05835891
 0.17596878 0.05630637 0.19480896 0.01711332]
Gene 5
[0.13792656 0.49459972 0.72382784 0.19316295 0.30976811 0.73236461
 0.95842179 0.30014212 0.64008494 0.46874953]
Gene 6
[1.37806654 0.47141535 0.75701027 2.21677508 2.14505171 1.32557922
 0.64563054 0.70311227 1.27105659 1.21715064]
Gene 7
74.37071431824239
chromosome 6
Gene 1
[ 1.          3.48835171  5.4740703   3.87288749  6.61792314  8.9606646
  9.41900712 12.53581449  9.15733203 14.38376714]
Gene 2
[0.01879153 0.02703677 0.05358226 0.08172034 0.06159313 0.1469074
 0.10781661 0.18072792 0.03086074 0.09200275]
Gene 3
[0.13423087 0.06227505 0.08148957 0.09328205 0.11811142 0.05862534
 0.03522678 0.08061097 0.14550356 0.01398438]
Gene 4
[0.00406836 0.19217117 0.02780805 0.16931529 0.05491371 0.05835891
 0.17596878 0.05630637 0.19480896 0.01711332]
Gene 5
[0.13792656 0.49459972 0.72382784 0.19316295 0.30976811 0.73236461
 0.95842179 0.30014212 0.64008494 0.46874953]
Gene 6
[1.37806654 0.47141535 0.75701027 2.21677508 2.14505171 1.32557922
 0.64563054 0.70311227 1.27105659 1.21715064]
Gene 7
74.37071431824239
chromosome 7
Gene 1
[ 1.          3.67194917  4.70509376  4.50585248  6.63450941  8.9606646
  7.8780614  12.53581449  8.28520517 14.38376714]
Gene 2
[0.01785195 0.02568494 0.05922249 0.08172034 0.06159313 0.13956203
 0.10242578 0.17169152 0.02931771 0.09200275]
Gene 3
[0.12751933 0.06227505 0.07608131 0.09328205 0.11811142 0.06837771
 0.03522678 0.07658043 0.14550356 0.01398438]
Gene 4
[0.00406836 0.19217117 0.02641765 0.16931529 0.05216802 0.06143043
 0.1450721  0.05644749 0.19480896 0.01711332]
Gene 5
[0.69484972 0.49459972 0.68763645 0.19316295 0.26558743 0.69574638
 0.95842179 0.30014212 0.70923539 0.49342056]
Gene 6
[1.37806654 0.47141535 0.75701027 2.33344745 2.14505171 1.32557922
 1.18292726 0.70311227 1.33795431 1.15629311]
Gene 7
74.37071431824239
chromosome 8
Gene 1
[ 1.          3.67194917  4.70509376  4.50585248  6.63450941  8.9606646
  7.8780614  12.53581449  8.28520517 14.38376714]
Gene 2
[0.01785195 0.02568494 0.05922249 0.08172034 0.06159313 0.13956203
 0.10242578 0.17169152 0.02931771 0.09200275]
Gene 3
[0.12751933 0.06227505 0.07608131 0.09328205 0.11811142 0.06837771
 0.03522678 0.07658043 0.14550356 0.01398438]
Gene 4
[0.00406836 0.19217117 0.02641765 0.16931529 0.05216802 0.06143043
 0.1450721  0.05644749 0.19480896 0.01711332]
Gene 5
[0.69484972 0.49459972 0.68763645 0.19316295 0.26558743 0.69574638
 0.95842179 0.30014212 0.70923539 0.49342056]
Gene 6
[1.37806654 0.47141535 0.75701027 2.33344745 2.14505171 1.32557922
 1.18292726 0.70311227 1.33795431 1.15629311]
Gene 7
74.37071431824239
-------------------------------------------------------------------------------------------------
chromosome 1
Gene 1
[ 1.          3.67194917  4.70509376  4.50585248  6.98369412  9.43227853
  7.8780614  12.53581449  8.69946543 14.38376714]
Gene 2
[0.01879153 0.02703677 0.05077589 0.08602141 0.06483487 0.1469074
 0.10781661 0.18072792 0.02931771 0.09200275]
Gene 3
[0.13423087 0.06227505 0.08148957 0.09819164 0.11811142 0.06837771
 0.03522678 0.08061097 0.14550356 0.01398438]
Gene 4
[0.00386494 0.19217117 0.02780805 0.16931529 0.05491371 0.05835891
 0.17596878 0.05644749 0.19480896 0.01711332]
Gene 5
[0.69484972 0.52063128 0.68763645 0.4006591  0.26558743 0.69574638
 0.95842179 0.31593907 0.70923539 0.46874953]
Gene 6
[1.2468221  0.49622669 0.75701027 2.33344745 2.14505171 1.32557922
 1.18292726 0.70311227 1.33795431 1.21715064]
Gene 7
74.37071431824239
chromosome 2
Gene 1
[ 1.          3.67194917  4.70509376  4.50585248  6.98369412  9.43227853
  7.8780614  12.53581449  8.69946543 14.38376714]
Gene 2
[0.01879153 0.02703677 0.05077589 0.08602141 0.06483487 0.1469074
 0.10781661 0.18072792 0.02931771 0.09200275]
Gene 3
[0.13423087 0.06227505 0.08148957 0.09819164 0.11811142 0.06837771
 0.03522678 0.08061097 0.14550356 0.01398438]
Gene 4
[0.00386494 0.19217117 0.02780805 0.16931529 0.05491371 0.05835891
 0.17596878 0.05644749 0.19480896 0.01711332]
Gene 5
[0.69484972 0.52063128 0.68763645 0.4006591  0.26558743 0.69574638
 0.95842179 0.31593907 0.70923539 0.46874953]
Gene 6
[1.2468221  0.49622669 0.75701027 2.33344745 2.14505171 1.32557922
 1.18292726 0.70311227 1.33795431 1.21715064]
Gene 7
74.37071431824239
chromosome 3
Gene 1
[ 1.          3.67194917  5.4740703   3.87288749  6.98369412  8.9606646
  7.8780614  12.53581449  9.15733203 14.38376714]
Gene 2
[0.01879153 0.02703677 0.05077589 0.08172034 0.06483487 0.1469074
 0.10781661 0.18072792 0.03086074 0.09200275]
Gene 3
[0.13423087 0.06227505 0.08148957 0.09328205 0.11811142 0.06837771
 0.03522678 0.08061097 0.14550356 0.01398438]
Gene 4
[0.00406836 0.19217117 0.02780805 0.16931529 0.05491371 0.05835891
 0.17596878 0.05630637 0.19480896 0.01711332]
Gene 5
[0.69484972 0.49459972 0.72382784 0.19316295 0.30976811 0.73236461
 0.95842179 0.30014212 0.70923539 0.46874953]
Gene 6
[1.37806654 0.47141535 0.75701027 2.33344745 2.14505171 1.32557922
 0.64563054 0.70311227 1.27105659 1.21715064]
Gene 7
74.37071431824239
chromosome 4
Gene 1
[ 1.          3.67194917  5.4740703   3.87288749  6.98369412  8.9606646
  7.8780614  12.53581449  9.15733203 14.38376714]
Gene 2
[0.01879153 0.02703677 0.05077589 0.08172034 0.06483487 0.1469074
 0.10781661 0.18072792 0.03086074 0.09200275]
Gene 3
[0.13423087 0.06227505 0.08148957 0.09328205 0.11811142 0.06837771
 0.03522678 0.08061097 0.14550356 0.01398438]
Gene 4
[0.00406836 0.19217117 0.02780805 0.16931529 0.05491371 0.05835891
 0.17596878 0.05630637 0.19480896 0.01711332]
Gene 5
[0.69484972 0.49459972 0.72382784 0.19316295 0.30976811 0.73236461
 0.95842179 0.30014212 0.70923539 0.46874953]
Gene 6
[1.37806654 0.47141535 0.75701027 2.33344745 2.14505171 1.32557922
 0.64563054 0.70311227 1.27105659 1.21715064]
Gene 7
74.37071431824239
chromosome 5
Gene 1
[ 1.          3.48835171  4.70509376  3.87288749  6.63450941  8.9606646
  9.41900712 12.53581449  8.28520517 14.38376714]
Gene 2
[0.01879153 0.02568494 0.05922249 0.08172034 0.06159313 0.1469074
 0.10242578 0.18072792 0.02931771 0.09200275]
Gene 3
[0.12751933 0.06227505 0.07608131 0.09328205 0.11811142 0.05862534
 0.03522678 0.07658043 0.14550356 0.01398438]
Gene 4
[0.00406836 0.19217117 0.02641765 0.16931529 0.05216802 0.06143043
 0.1450721  0.05644749 0.19480896 0.01711332]
Gene 5
[0.69484972 0.49459972 0.68763645 0.19316295 0.30976811 0.69574638
 0.95842179 0.30014212 0.70923539 0.49342056]
Gene 6
[1.37806654 0.47141535 0.75701027 2.21677508 2.14505171 1.32557922
 1.18292726 0.70311227 1.33795431 1.15629311]
Gene 7
74.37071431824239
chromosome 6
Gene 1
[ 1.          3.48835171  4.70509376  3.87288749  6.63450941  8.9606646
  9.41900712 12.53581449  8.28520517 14.38376714]
Gene 2
[0.01879153 0.02568494 0.05922249 0.08172034 0.06159313 0.1469074
 0.10242578 0.18072792 0.02931771 0.09200275]
Gene 3
[0.12751933 0.06227505 0.07608131 0.09328205 0.11811142 0.05862534
 0.03522678 0.07658043 0.14550356 0.01398438]
Gene 4
[0.00406836 0.19217117 0.02641765 0.16931529 0.05216802 0.06143043
 0.1450721  0.05644749 0.19480896 0.01711332]
Gene 5
[0.69484972 0.49459972 0.68763645 0.19316295 0.30976811 0.69574638
 0.95842179 0.30014212 0.70923539 0.49342056]
Gene 6
[1.37806654 0.47141535 0.75701027 2.21677508 2.14505171 1.32557922
 1.18292726 0.70311227 1.33795431 1.15629311]
Gene 7
74.37071431824239
chromosome 7
Gene 1
[ 1.          3.67194917  4.70509376  4.50585248  6.63450941  8.9606646
  7.8780614  12.53581449  8.69946543 14.38376714]
Gene 2
[0.01785195 0.02703677 0.05077589 0.08172034 0.06483487 0.1469074
 0.10781661 0.18072792 0.02931771 0.09200275]
Gene 3
[0.13423087 0.06227505 0.07608131 0.09328205 0.11811142 0.06837771
 0.03522678 0.07658043 0.14550356 0.01398438]
Gene 4
[0.00406836 0.19217117 0.02641765 0.16931529 0.05216802 0.06143043
 0.15270747 0.05644749 0.19480896 0.01711332]
Gene 5
[0.69484972 0.49459972 0.68763645 0.19316295 0.26558743 0.69574638
 0.95842179 0.31593907 0.70923539 0.49342056]
Gene 6
[1.2468221  0.49498612 0.75701027 2.33344745 2.14505171 1.32557922
 1.18292726 0.70311227 1.33795431 1.21715064]
Gene 7
74.37071431824239
chromosome 8
Gene 1
[ 1.          3.67194917  4.70509376  4.50585248  6.63450941  8.9606646
  7.8780614  12.53581449  8.69946543 14.38376714]
Gene 2
[0.01785195 0.02703677 0.05077589 0.08172034 0.06483487 0.1469074
 0.10781661 0.18072792 0.02931771 0.09200275]
Gene 3
[0.13423087 0.06227505 0.07608131 0.09328205 0.11811142 0.06837771
 0.03522678 0.07658043 0.14550356 0.01398438]
Gene 4
[0.00406836 0.19217117 0.02641765 0.16931529 0.05216802 0.06143043
 0.15270747 0.05644749 0.19480896 0.01711332]
Gene 5
[0.69484972 0.49459972 0.68763645 0.19316295 0.26558743 0.69574638
 0.95842179 0.31593907 0.70923539 0.49342056]
Gene 6
[1.2468221  0.49498612 0.75701027 2.33344745 2.14505171 1.32557922
 1.18292726 0.70311227 1.33795431 1.21715064]
Gene 7
74.37071431824239
-------------------------------------------------------------------------------------------------
chromosome 1
Gene 1
[ 1.          3.48835171  5.20036678  3.67924311  6.63450941  8.51263137
  7.48415833 11.90902376  8.26449215 13.66457878]
Gene 2
[0.01785195 0.02568494 0.04823709 0.07763432 0.06159313 0.13956203
 0.10242578 0.17169152 0.02931771 0.08740261]
Gene 3
[0.12751933 0.05916129 0.07741509 0.08861795 0.11220585 0.06495882
 0.03346544 0.07658043 0.13822838 0.01328516]
Gene 4
[0.00386494 0.18256261 0.02641765 0.16084953 0.05216802 0.05544097
 0.16717034 0.05362512 0.18506851 0.01625765]
Gene 5
[0.66010724 0.46986973 0.68763645 0.1835048  0.25230806 0.66095906
 0.9105007  0.30014212 0.67377362 0.44531205]
Gene 6
[1.184481   0.44784459 0.71915976 2.21677508 2.03779912 1.25930026
 1.1237809  0.66795666 1.27105659 1.15629311]
Gene 7
74.37071431824239
chromosome 2
Gene 1
[ 1.          3.48835171  5.20036678  3.67924311  6.63450941  8.51263137
  7.48415833 11.90902376  8.26449215 13.66457878]
Gene 2
[0.01785195 0.02568494 0.04823709 0.07763432 0.06159313 0.13956203
 0.10242578 0.17169152 0.02931771 0.08740261]
Gene 3
[0.12751933 0.05916129 0.07741509 0.08861795 0.11220585 0.06495882
 0.03346544 0.07658043 0.13822838 0.01328516]
Gene 4
[0.00386494 0.18256261 0.02641765 0.16084953 0.05216802 0.05544097
 0.16717034 0.05362512 0.18506851 0.01625765]
Gene 5
[0.66010724 0.46986973 0.68763645 0.1835048  0.25230806 0.66095906
 0.9105007  0.30014212 0.67377362 0.44531205]
Gene 6
[1.184481   0.44784459 0.71915976 2.21677508 2.03779912 1.25930026
 1.1237809  0.66795666 1.27105659 1.15629311]
Gene 7
74.37071431824239
chromosome 3
Gene 1
[ 1.          3.67194917  4.70509376  3.87288749  6.63450941  8.9606646
  7.8780614  12.53581449  8.28520517 14.38376714]
Gene 2
[0.01879153 0.02568494 0.05922249 0.08172034 0.06483487 0.1469074
 0.10242578 0.18072792 0.02931771 0.09200275]
Gene 3
[0.12751933 0.06227505 0.07608131 0.09328205 0.11811142 0.06837771
 0.03522678 0.07658043 0.14550356 0.01398438]
Gene 4
[0.00406836 0.19217117 0.02780805 0.16931529 0.05216802 0.05835891
 0.17596878 0.05644749 0.19480896 0.01711332]
Gene 5
[0.69484972 0.49459972 0.68763645 0.19316295 0.30976811 0.69574638
 0.95842179 0.30014212 0.70923539 0.49342056]
Gene 6
[1.37806654 0.47141535 0.75701027 2.21677508 2.14505171 1.32557922
 1.18292726 0.70311227 1.27105659 1.21715064]
Gene 7
74.37071431824239
chromosome 4
Gene 1
[ 1.          3.67194917  4.70509376  3.87288749  6.63450941  8.9606646
  7.8780614  12.53581449  8.28520517 14.38376714]
Gene 2
[0.01879153 0.02568494 0.05922249 0.08172034 0.06483487 0.1469074
 0.10242578 0.18072792 0.02931771 0.09200275]
Gene 3
[0.12751933 0.06227505 0.07608131 0.09328205 0.11811142 0.06837771
 0.03522678 0.07658043 0.14550356 0.01398438]
Gene 4
[0.00406836 0.19217117 0.02780805 0.16931529 0.05216802 0.05835891
 0.17596878 0.05644749 0.19480896 0.01711332]
Gene 5
[0.69484972 0.49459972 0.68763645 0.19316295 0.30976811 0.69574638
 0.95842179 0.30014212 0.70923539 0.49342056]
Gene 6
[1.37806654 0.47141535 0.75701027 2.21677508 2.14505171 1.32557922
 1.18292726 0.70311227 1.27105659 1.21715064]
Gene 7
74.37071431824239
chromosome 5
Gene 1
[ 1.          3.48835171  4.70509376  3.87288749  6.63450941  8.9606646
  7.8780614  12.53581449  8.69946543 14.38376714]
Gene 2
[0.01879153 0.02703677 0.05077589 0.08172034 0.06483487 0.1469074
 0.10781661 0.18072792 0.02931771 0.09200275]
Gene 3
[0.12751933 0.06227505 0.07608131 0.09328205 0.11811142 0.06837771
 0.03522678 0.07658043 0.14550356 0.01398438]
Gene 4
[0.00406836 0.19217117 0.02641765 0.16931529 0.05216802 0.06143043
 0.15270747 0.05644749 0.19480896 0.01711332]
Gene 5
[0.69484972 0.49459972 0.68763645 0.19316295 0.26558743 0.69574638
 0.95842179 0.30014212 0.70923539 0.49342056]
Gene 6
[1.2468221  0.49498612 0.75701027 2.21677508 2.14505171 1.32557922
 1.18292726 0.70311227 1.33795431 1.15629311]
Gene 7
74.37071431824239
chromosome 6
Gene 1
[ 1.          3.48835171  4.70509376  3.87288749  6.63450941  8.9606646
  7.8780614  12.53581449  8.69946543 14.38376714]
Gene 2
[0.01879153 0.02703677 0.05077589 0.08172034 0.06483487 0.1469074
 0.10781661 0.18072792 0.02931771 0.09200275]
Gene 3
[0.12751933 0.06227505 0.07608131 0.09328205 0.11811142 0.06837771
 0.03522678 0.07658043 0.14550356 0.01398438]
Gene 4
[0.00406836 0.19217117 0.02641765 0.16931529 0.05216802 0.06143043
 0.15270747 0.05644749 0.19480896 0.01711332]
Gene 5
[0.69484972 0.49459972 0.68763645 0.19316295 0.26558743 0.69574638
 0.95842179 0.30014212 0.70923539 0.49342056]
Gene 6
[1.2468221  0.49498612 0.75701027 2.21677508 2.14505171 1.32557922
 1.18292726 0.70311227 1.33795431 1.15629311]
Gene 7
74.37071431824239
chromosome 7
Gene 1
[ 1.          3.67194917  4.70509376  4.50585248  6.63450941  9.43227853
  7.8780614  12.53581449  8.69946543 14.38376714]
Gene 2
[0.01785195 0.02703677 0.05077589 0.08172034 0.06483487 0.1469074
 0.10781661 0.18072792 0.02931771 0.09200275]
Gene 3
[0.13423087 0.06227505 0.07608131 0.09328205 0.11811142 0.06837771
 0.03522678 0.08061097 0.14550356 0.01398438]
Gene 4
[0.00386494 0.19217117 0.02641765 0.16931529 0.05491371 0.05835891
 0.17596878 0.05644749 0.19480896 0.01711332]
Gene 5
[0.69484972 0.49459972 0.68763645 0.19316295 0.26558743 0.69574638
 0.95842179 0.31593907 0.70923539 0.49342056]
Gene 6
[1.2468221  0.49622669 0.75701027 2.33344745 2.14505171 1.32557922
 1.18292726 0.70311227 1.33795431 1.21715064]
Gene 7
74.37071431824239
chromosome 8
Gene 1
[ 1.          3.67194917  4.70509376  4.50585248  6.63450941  9.43227853
  7.8780614  12.53581449  8.69946543 14.38376714]
Gene 2
[0.01785195 0.02703677 0.05077589 0.08172034 0.06483487 0.1469074
 0.10781661 0.18072792 0.02931771 0.09200275]
Gene 3
[0.13423087 0.06227505 0.07608131 0.09328205 0.11811142 0.06837771
 0.03522678 0.08061097 0.14550356 0.01398438]
Gene 4
[0.00386494 0.19217117 0.02641765 0.16931529 0.05491371 0.05835891
 0.17596878 0.05644749 0.19480896 0.01711332]
Gene 5
[0.69484972 0.49459972 0.68763645 0.19316295 0.26558743 0.69574638
 0.95842179 0.31593907 0.70923539 0.49342056]
Gene 6
[1.2468221  0.49622669 0.75701027 2.33344745 2.14505171 1.32557922
 1.18292726 0.70311227 1.33795431 1.21715064]
Gene 7
74.37071431824239
-------------------------------------------------------------------------------------------------
chromosome 1
Gene 1
[ 1.          3.31393413  4.94034844  3.67924311  6.30278394  8.0869998
  7.48415833 11.31357257  7.87094491 13.66457878]
Gene 2
[0.01695936 0.02440069 0.04582524 0.07375261 0.05851347 0.13258393
 0.09730449 0.16310695 0.02785182 0.08303248]
Gene 3
[0.12114336 0.05620323 0.07354434 0.08418705 0.11220585 0.06171088
 0.03179217 0.0727514  0.13131696 0.01328516]
Gene 4
[0.0036717  0.18256261 0.02641765 0.16084953 0.04955962 0.05544097
 0.16717034 0.05362512 0.17581508 0.01544477]
Gene 5
[0.66010724 0.44637625 0.65325463 0.17432956 0.29427971 0.66095906
 0.9105007  0.28513501 0.67377362 0.46874953]
Gene 6
[1.12525695 0.44784459 0.71915976 2.10593633 1.93590917 1.19633524
 1.06759185 0.66795666 1.20750376 1.15629311]
Gene 7
74.37071431824239
chromosome 2
Gene 1
[ 1.          3.31393413  4.94034844  3.67924311  6.30278394  8.0869998
  7.48415833 11.31357257  7.87094491 13.66457878]
Gene 2
[0.01695936 0.02440069 0.04582524 0.07375261 0.05851347 0.13258393
 0.09730449 0.16310695 0.02785182 0.08303248]
Gene 3
[0.12114336 0.05620323 0.07354434 0.08418705 0.11220585 0.06171088
 0.03179217 0.0727514  0.13131696 0.01328516]
Gene 4
[0.0036717  0.18256261 0.02641765 0.16084953 0.04955962 0.05544097
 0.16717034 0.05362512 0.17581508 0.01544477]
Gene 5
[0.66010724 0.44637625 0.65325463 0.17432956 0.29427971 0.66095906
 0.9105007  0.28513501 0.67377362 0.46874953]
Gene 6
[1.12525695 0.44784459 0.71915976 2.10593633 1.93590917 1.19633524
 1.06759185 0.66795666 1.20750376 1.15629311]
Gene 7
74.37071431824239
chromosome 3
Gene 1
[ 1.          3.67194917  4.70509376  3.87288749  6.63450941  8.9606646
  7.8780614  12.53581449  8.28520517 14.38376714]
Gene 2
[0.01879153 0.02703677 0.05077589 0.08172034 0.06483487 0.1469074
 0.10781661 0.18072792 0.02931771 0.09200275]
Gene 3
[0.12751933 0.06227505 0.07608131 0.09328205 0.11811142 0.06837771
 0.03522678 0.07658043 0.14550356 0.01398438]
Gene 4
[0.00406836 0.19217117 0.02780805 0.16931529 0.05216802 0.06143043
 0.17596878 0.05644749 0.19480896 0.01711332]
Gene 5
[0.69484972 0.49459972 0.68763645 0.19316295 0.30976811 0.69574638
 0.95842179 0.30014212 0.70923539 0.49342056]
Gene 6
[1.37806654 0.49498612 0.75701027 2.21677508 2.14505171 1.32557922
 1.18292726 0.70311227 1.33795431 1.21715064]
Gene 7
74.37071431824239
chromosome 4
Gene 1
[ 1.          3.67194917  4.70509376  3.87288749  6.63450941  8.9606646
  7.8780614  12.53581449  8.28520517 14.38376714]
Gene 2
[0.01879153 0.02703677 0.05077589 0.08172034 0.06483487 0.1469074
 0.10781661 0.18072792 0.02931771 0.09200275]
Gene 3
[0.12751933 0.06227505 0.07608131 0.09328205 0.11811142 0.06837771
 0.03522678 0.07658043 0.14550356 0.01398438]
Gene 4
[0.00406836 0.19217117 0.02780805 0.16931529 0.05216802 0.06143043
 0.17596878 0.05644749 0.19480896 0.01711332]
Gene 5
[0.69484972 0.49459972 0.68763645 0.19316295 0.30976811 0.69574638
 0.95842179 0.30014212 0.70923539 0.49342056]
Gene 6
[1.37806654 0.49498612 0.75701027 2.21677508 2.14505171 1.32557922
 1.18292726 0.70311227 1.33795431 1.21715064]
Gene 7
74.37071431824239
chromosome 5
Gene 1
[ 1.          3.67194917  4.70509376  4.50585248  6.63450941  9.43227853
  7.8780614  12.53581449  8.69946543 14.38376714]
Gene 2
[0.01879153 0.02703677 0.05077589 0.08172034 0.06483487 0.1469074
 0.10781661 0.18072792 0.02931771 0.09200275]
Gene 3
[0.13423087 0.06227505 0.07608131 0.09328205 0.11811142 0.06837771
 0.03522678 0.08061097 0.14550356 0.01398438]
Gene 4
[0.00406836 0.19217117 0.02641765 0.16931529 0.05491371 0.05835891
 0.17596878 0.05644749 0.19480896 0.01711332]
Gene 5
[0.69484972 0.49459972 0.68763645 0.19316295 0.26558743 0.69574638
 0.95842179 0.30014212 0.70923539 0.49342056]
Gene 6
[1.2468221  0.49498612 0.75701027 2.33344745 2.14505171 1.32557922
 1.18292726 0.70311227 1.33795431 1.21715064]
Gene 7
74.37071431824239
chromosome 6
Gene 1
[ 1.          3.67194917  4.70509376  4.50585248  6.63450941  9.43227853
  7.8780614  12.53581449  8.69946543 14.38376714]
Gene 2
[0.01879153 0.02703677 0.05077589 0.08172034 0.06483487 0.1469074
 0.10781661 0.18072792 0.02931771 0.09200275]
Gene 3
[0.13423087 0.06227505 0.07608131 0.09328205 0.11811142 0.06837771
 0.03522678 0.08061097 0.14550356 0.01398438]
Gene 4
[0.00406836 0.19217117 0.02641765 0.16931529 0.05491371 0.05835891
 0.17596878 0.05644749 0.19480896 0.01711332]
Gene 5
[0.69484972 0.49459972 0.68763645 0.19316295 0.26558743 0.69574638
 0.95842179 0.30014212 0.70923539 0.49342056]
Gene 6
[1.2468221  0.49498612 0.75701027 2.33344745 2.14505171 1.32557922
 1.18292726 0.70311227 1.33795431 1.21715064]
Gene 7
74.37071431824239
chromosome 7
Gene 1
[ 1.          3.67194917  4.70509376  3.67924311  6.63450941  8.51263137
  7.48415833 12.53581449  8.69946543 14.38376714]
Gene 2
[0.01785195 0.02568494 0.04823709 0.08172034 0.06483487 0.1469074
 0.10242578 0.18072792 0.02931771 0.09200275]
Gene 3
[0.12751933 0.06227505 0.07608131 0.09328205 0.11220585 0.06837771
 0.03522678 0.07658043 0.14550356 0.01398438]
Gene 4
[0.00386494 0.19217117 0.02641765 0.16931529 0.05216802 0.05835891
 0.16717034 0.05644749 0.19480896 0.01625765]
Gene 5
[0.66010724 0.49459972 0.68763645 0.19316295 0.26558743 0.69574638
 0.95842179 0.30014212 0.70923539 0.49342056]
Gene 6
[1.2468221  0.49622669 0.71915976 2.21677508 2.03779912 1.25930026
 1.1237809  0.70311227 1.27105659 1.15629311]
Gene 7
74.37071431824239
chromosome 8
Gene 1
[ 1.          3.67194917  4.70509376  3.67924311  6.63450941  8.51263137
  7.48415833 12.53581449  8.69946543 14.38376714]
Gene 2
[0.01785195 0.02568494 0.04823709 0.08172034 0.06483487 0.1469074
 0.10242578 0.18072792 0.02931771 0.09200275]
Gene 3
[0.12751933 0.06227505 0.07608131 0.09328205 0.11220585 0.06837771
 0.03522678 0.07658043 0.14550356 0.01398438]
Gene 4
[0.00386494 0.19217117 0.02641765 0.16931529 0.05216802 0.05835891
 0.16717034 0.05644749 0.19480896 0.01625765]
Gene 5
[0.66010724 0.49459972 0.68763645 0.19316295 0.26558743 0.69574638
 0.95842179 0.30014212 0.70923539 0.49342056]
Gene 6
[1.2468221  0.49622669 0.71915976 2.21677508 2.03779912 1.25930026
 1.1237809  0.70311227 1.27105659 1.15629311]
Gene 7
74.37071431824239
-------------------------------------------------------------------------------------------------
chromosome 1
Gene 1
[ 1.          3.85554663  5.18736587  4.06653186  6.61792314  8.49134979
  7.85836624 11.8792512   8.26449215 15.1029555 ]
Gene 2
[0.01780732 0.02562072 0.0481165  0.08580636 0.06807662 0.13921312
 0.11320744 0.1712623  0.03078359 0.08718411]
Gene 3
[0.12720053 0.05901339 0.07722155 0.08839641 0.11781614 0.07179659
 0.03698812 0.08040945 0.13788281 0.0146836 ]
Gene 4
[0.00385528 0.19169074 0.02919845 0.16889201 0.05477642 0.05821301
 0.17552885 0.05926987 0.18460584 0.01796899]
Gene 5
[0.6931126  0.46869506 0.68591736 0.20282109 0.30899369 0.69400702
 1.00634288 0.29939176 0.74469716 0.51809159]
Gene 6
[1.1815198  0.51973543 0.75511775 2.21123314 2.03270462 1.39185818
 1.24207362 0.73826789 1.40485202 1.21410776]
Gene 7
74.37071431824239
chromosome 2
Gene 1
[ 1.          3.85554663  5.18736587  4.06653186  6.61792314  8.49134979
  7.85836624 11.8792512   8.26449215 15.1029555 ]
Gene 2
[0.01780732 0.02562072 0.0481165  0.08580636 0.06807662 0.13921312
 0.11320744 0.1712623  0.03078359 0.08718411]
Gene 3
[0.12720053 0.05901339 0.07722155 0.08839641 0.11781614 0.07179659
 0.03698812 0.08040945 0.13788281 0.0146836 ]
Gene 4
[0.00385528 0.19169074 0.02919845 0.16889201 0.05477642 0.05821301
 0.17552885 0.05926987 0.18460584 0.01796899]
Gene 5
[0.6931126  0.46869506 0.68591736 0.20282109 0.30899369 0.69400702
 1.00634288 0.29939176 0.74469716 0.51809159]
Gene 6
[1.1815198  0.51973543 0.75511775 2.21123314 2.03270462 1.39185818
 1.24207362 0.73826789 1.40485202 1.21410776]
Gene 7
74.37071431824239
chromosome 3
Gene 1
[ 1.          3.67194917  4.70509376  3.87288749  6.63450941  9.43227853
  7.8780614  12.53581449  8.69946543 14.38376714]
Gene 2
[0.01879153 0.02703677 0.05077589 0.08172034 0.06483487 0.1469074
 0.10781661 0.18072792 0.02931771 0.09200275]
Gene 3
[0.13423087 0.06227505 0.07608131 0.09328205 0.11811142 0.06837771
 0.03522678 0.08061097 0.14550356 0.01398438]
Gene 4
[0.00406836 0.19217117 0.02780805 0.16931529 0.05491371 0.06143043
 0.17596878 0.05644749 0.19480896 0.01711332]
Gene 5
[0.69484972 0.49459972 0.68763645 0.19316295 0.30976811 0.69574638
 0.95842179 0.30014212 0.70923539 0.49342056]
Gene 6
[1.2468221  0.49498612 0.75701027 2.21677508 2.14505171 1.32557922
 1.18292726 0.70311227 1.33795431 1.21715064]
Gene 7
74.37071431824239
chromosome 4
Gene 1
[ 1.          3.67194917  4.70509376  3.87288749  6.63450941  9.43227853
  7.8780614  12.53581449  8.69946543 14.38376714]
Gene 2
[0.01879153 0.02703677 0.05077589 0.08172034 0.06483487 0.1469074
 0.10781661 0.18072792 0.02931771 0.09200275]
Gene 3
[0.13423087 0.06227505 0.07608131 0.09328205 0.11811142 0.06837771
 0.03522678 0.08061097 0.14550356 0.01398438]
Gene 4
[0.00406836 0.19217117 0.02780805 0.16931529 0.05491371 0.06143043
 0.17596878 0.05644749 0.19480896 0.01711332]
Gene 5
[0.69484972 0.49459972 0.68763645 0.19316295 0.30976811 0.69574638
 0.95842179 0.30014212 0.70923539 0.49342056]
Gene 6
[1.2468221  0.49498612 0.75701027 2.21677508 2.14505171 1.32557922
 1.18292726 0.70311227 1.33795431 1.21715064]
Gene 7
74.37071431824239
chromosome 5
Gene 1
[ 1.          3.67194917  4.70509376  3.67924311  6.63450941  8.51263137
  7.48415833 12.53581449  8.69946543 14.38376714]
Gene 2
[0.01879153 0.02703677 0.05077589 0.08172034 0.06483487 0.1469074
 0.10781661 0.18072792 0.02931771 0.09200275]
Gene 3
[0.13423087 0.06227505 0.07608131 0.09328205 0.11811142 0.06837771
 0.03522678 0.08061097 0.14550356 0.01398438]
Gene 4
[0.00406836 0.19217117 0.02641765 0.16931529 0.05216802 0.05835891
 0.16717034 0.05644749 0.19480896 0.01711332]
Gene 5
[0.69484972 0.49459972 0.68763645 0.19316295 0.26558743 0.69574638
 0.95842179 0.30014212 0.70923539 0.49342056]
Gene 6
[1.2468221  0.49498612 0.71915976 2.33344745 2.03779912 1.25930026
 1.18292726 0.70311227 1.27105659 1.15629311]
Gene 7
74.37071431824239
chromosome 6
Gene 1
[ 1.          3.67194917  4.70509376  3.67924311  6.63450941  8.51263137
  7.48415833 12.53581449  8.69946543 14.38376714]
Gene 2
[0.01879153 0.02703677 0.05077589 0.08172034 0.06483487 0.1469074
 0.10781661 0.18072792 0.02931771 0.09200275]
Gene 3
[0.13423087 0.06227505 0.07608131 0.09328205 0.11811142 0.06837771
 0.03522678 0.08061097 0.14550356 0.01398438]
Gene 4
[0.00406836 0.19217117 0.02641765 0.16931529 0.05216802 0.05835891
 0.16717034 0.05644749 0.19480896 0.01711332]
Gene 5
[0.69484972 0.49459972 0.68763645 0.19316295 0.26558743 0.69574638
 0.95842179 0.30014212 0.70923539 0.49342056]
Gene 6
[1.2468221  0.49498612 0.71915976 2.33344745 2.03779912 1.25930026
 1.18292726 0.70311227 1.27105659 1.15629311]
Gene 7
74.37071431824239
chromosome 7
Gene 1
[ 1.          3.31393413  4.94034844  3.67924311  6.30278394  8.0869998
  7.48415833 11.31357257  7.87094491 13.66457878]
Gene 2
[0.01695936 0.02440069 0.04823709 0.08172034 0.06483487 0.13258393
 0.09730449 0.18072792 0.02785182 0.09200275]
Gene 3
[0.12751933 0.05620323 0.07608131 0.09328205 0.11220585 0.06837771
 0.03179217 0.0727514  0.14550356 0.01328516]
Gene 4
[0.00386494 0.18256261 0.02641765 0.16931529 0.04955962 0.05544097
 0.16717034 0.05362512 0.19480896 0.01625765]
Gene 5
[0.66010724 0.49459972 0.65325463 0.19316295 0.26558743 0.66095906
 0.9105007  0.28513501 0.70923539 0.46874953]
Gene 6
[1.12525695 0.44784459 0.71915976 2.21677508 1.93590917 1.19633524
 1.1237809  0.66795666 1.20750376 1.15629311]
Gene 7
74.37071431824239
chromosome 8
Gene 1
[ 1.          3.31393413  4.94034844  3.67924311  6.30278394  8.0869998
  7.48415833 11.31357257  7.87094491 13.66457878]
Gene 2
[0.01695936 0.02440069 0.04823709 0.08172034 0.06483487 0.13258393
 0.09730449 0.18072792 0.02785182 0.09200275]
Gene 3
[0.12751933 0.05620323 0.07608131 0.09328205 0.11220585 0.06837771
 0.03179217 0.0727514  0.14550356 0.01328516]
Gene 4
[0.00386494 0.18256261 0.02641765 0.16931529 0.04955962 0.05544097
 0.16717034 0.05362512 0.19480896 0.01625765]
Gene 5
[0.66010724 0.49459972 0.65325463 0.19316295 0.26558743 0.66095906
 0.9105007  0.28513501 0.70923539 0.46874953]
Gene 6
[1.12525695 0.44784459 0.71915976 2.21677508 1.93590917 1.19633524
 1.1237809  0.66795666 1.20750376 1.15629311]
Gene 7
74.37071431824239
-------------------------------------------------------------------------------------------------
